33	37	5	0.00001	20	12.66	100.0
1	1	2	0.0922	0.0470	0	1
2	2	3	0.4930	0.2511	0	1
3	3	4	0.3660	0.1864	0	1
4	4	5	0.3811	0.1941	0	1
5	5	6	0.8190	0.7070	0	1
6	6	7	0.1872	0.6188	0	1
7	7	8	0.7114	0.2351	0	1
8	8	9	1.0300	0.7400	0	1
9	9	10	1.0440	0.7400	0	1
10	10	11	0.1966	0.0650	0	1
11	11	12	0.3744	0.1238	0	1
12	12	13	1.4680	1.1550	0	1
13	13	14	0.5416	0.7129	0	1
14	14	15	0.5910	0.5260	0	1
15	15	16	0.7463	0.5450	0	1
16	16	17	1.2890	1.7210	0	1
17	17	18	0.7320	0.5740	0	1
18	2	19	0.1640	0.1565	0	1
19	19	20	1.5042	1.3554	0	1
20	20	21	0.4095	0.4784	0	1
21	21	22	0.7089	0.9373	0	1
22	3	23	0.4512	0.3083	0	1
23	23	24	0.8980	0.7091	0	1
24	24	25	0.8960	0.7011	0	1
25	6	26	0.2030	0.1034	0	1
26	26	27	0.2842	0.1447	0	1
27	27	28	1.0590	0.9337	0	1
28	28	29	0.8042	0.7006	0	1
29	29	30	0.5075	0.2585	0	1
30	30	31	0.9744	0.9630	0	1
31	31	32	0.3105	0.3619	0	1
32	32	33	0.3410	0.5302	0	1
33	8	21	2.0000	2.0000	0	0
34	9	15	2.0000	2.0000	0	0
35	12	22	2.0000	2.0000	0	0
36	18	33	0.5000	0.5000	0	0
37	25	29	0.5000	0.5000	0	0	
1	0	0
2	100	60
3	90	40
4	120	80
5	60	30
6	60	20
7	200	100
8	200	100
9	60	20
10	60	20
11	45	30
12	60	35
13	60	35
14	120	80
15	60	10
16	60	20
17	60	20
18	90	40
19	90	40
20	90	40
21	90	40
22	90	40
23	90	50
24	420	200
25	420	200
26	60	25
27	60	25
28	60	20
29	120	70
30	200	600
31	150	70
32	210	100
33	60	40
